col.0: MtotZAMS/Msun  col.1:num mergers
430582573.8796976 73
col.0:ID col.1:m1ZAMS/Msun col.2:m2ZAMS/Msun col.3:m1rem/Msun col.4:m2rem/Msun col.5:m1rem+m2rem/Msun col.6:delay_time/Myr col.7:sma/Rsun col.8:ecc col.9:kick/kms col.10:kick/kms col.11:cmu1 col.12:cmu2 col.13:v1x/kms col.14:v1y/kms col.15:v1z/kms col.16:v2x/kms col.17:v2y/kms col.18:v2z/kms col.19:time_SN1/Myr col.20:time_SN2/Myr col.21:CE
0_1004298 26.6238 20.1901 10.6194 4.4421 15.0615 1760.286 1957.9 0.99922 23.8956 76.8502 0.9822 -0.1111 12.57 -4.458 -2.553 20.78 -20.17 -0.567 7.911 10.65 False
0_1644514 36.4327 18.828 14.056 7.719 21.775 6841.0249 835.78 0.99477 4.6021 60.5191 0.998 0.96 0.6514 0.9134 0.9107 24.5 9.739 0.4124 6.107 10.5 True
0_1812237 28.8334 28.3332 12.4161 5.7694 18.1855 1191.0039 10.778 0.29956 40.5392 28.8253 0.7986 0.9998 18.86 -2.902 0.8664 91.15 -4.572 -4.996 7.361 7.475 False
0_2077777 47.6732 19.794 11.4916 4.7186 16.2102 926.1921 210.86 0.99033 12.8226 96.9336 0.9938 0.5625 4.084 -1.988 -2.169 42.5 6.77 -2.106 5.151 9.339 True
0_2411740 29.018 28.612 4.9554 4.2809 9.2363 89.9946 303.41 0.9985 72.5674 45.5572 0.764 -0.9775 38.89 1.787 7.011 22.33 7.961 -0.3197 7.321 7.412 True
0_3789711 36.5668 36.5322 4.737 4.636 9.373000000000001 1787.7988 49.62 0.95227 71.5192 62.9834 0.9994 0.9906 52.57 13.5 -5.853 45.56 7.068 -2.01 6.155 6.16 True
1_14977 47.0502 44.2793 10.9662 12.1967 23.1629 150.6822 7.4742 0.17089 0.0 5.404 1.0 1.0 89.57 19.48 -0.0 22.79 -5.126 1.819 5.168 5.65 True
1_353831 38.0639 32.9085 4.8761 3.8294 8.7055 6962.8687 13.407 0.59018 72.8366 59.9847 0.9999 0.9927 183.5 20.14 -4.4 97.66 40.36 25.33 5.948 6.65 True
1_607065 47.135 44.5959 10.9313 12.4762 23.4075 102.8364 6.6506 0.054498 0.0 10.6359 1.0 1.0 71.31 -1.881 0.0 24.46 -5.455 -1.664 5.161 5.639 True
1_745782 146.219 27.3697 26.1004 4.0781 30.1785 4194.2407 1672.9 0.99787 0.0 59.3668 1.0 -0.9897 0.465 0.0 0.0 12.7 3.824 0.04582 3.605 7.711 True
1_1087677 39.8513 13.3591 6.6586 4.5297 11.1883 7984.2114 156.36 0.97731 30.9549 94.0242 0.9989 0.8368 4.208 -4.263 0.8507 53.7 -10.72 2.918 5.773 10.81 True
1_1236133 28.6653 21.3729 12.4886 4.4869 16.9755 1268.4969 410.99 0.9952 26.9668 88.6339 0.9475 0.2506 8.761 6.315 -5.363 51.43 -11.63 1.12 7.399 9.874 True
1_1593565 53.1141 49.8982 13.137 14.5319 27.6689 147.6601 8.486 0.16515 0.0 0.0 1.0 1.0 80.35 14.43 -0.0 7.065 -1.063 -0.0 4.846 5.296 True
1_1654438 50.0936 34.8896 9.2028 4.2191 13.4219 5268.1753 201.15 0.98338 32.0961 101.1558 0.9891 -0.7261 -0.457 -3.75 3.411 47.77 2.769 2.245 5.05 6.372 True
1_2209092 44.6759 42.7057 9.1089 11.8343 20.9432 138.8979 6.7162 0.14955 7.6368 13.7168 1.0 1.0 102.9 41.52 1.461 20.27 4.148 2.412 5.326 5.813 True
1_2629104 27.3583 26.8057 3.8576 3.0917 6.9493 13924.3721 156.65 0.9822 95.0992 75.14 0.4624 -0.2319 46.3 9.649 -9.581 46.32 32.67 -7.465 7.718 7.875 True
1_2728994 26.9061 23.124 6.8899 4.0043 10.8942 804.0393 136.64 0.98896 37.2937 168.4198 0.7668 -0.4185 8.159 1.55 5.09 75.48 -35.07 4.919 7.834 10.23 True
1_3277635 45.767 22.2916 15.1445 11.8875 27.032 2524.0872 1771.0 0.99816 3.9672 44.4757 0.9998 0.9628 0.5926 1.253 0.3606 22.48 6.705 -0.2102 5.258 8.827 False
1_3366451 36.1742 31.4123 3.1353 3.2363 6.3716 6717.8848 29.967 0.90136 96.9692 51.6141 0.9979 0.9993 305.6 -13.55 19.1 197.1 57.35 15.74 6.181 6.923 True
1_3406132 46.6348 39.025 6.0741 5.4254 11.4995 1321.9216 7.672 0.17099 27.4409 48.2727 1.0 0.9997 161.7 6.601 3.007 100.7 -22.72 5.75 5.253 5.88 True
1_3584189 46.2373 41.2868 10.9588 10.2615 21.2203 108.8789 6.5801 0.2318 0.0 23.808 1.0 0.9996 125.5 -0.2251 0.0 44.24 -4.871 10.47 5.22 5.729 True
1_3737359 49.4879 45.5785 11.9928 12.8287 24.8215 104.4291 7.5972 0.30275 0.0 6.582 1.0 1.0 111.7 -19.38 0.0 17.64 -6.307 -3.282 5.028 5.502 True
1_3837930 43.7772 39.1646 10.0533 9.3773 19.4306 141.3526 6.3044 0.074909 5.9477 11.5001 1.0 1.0 128.1 34.67 -0.9141 42.33 -0.09876 2.672 5.391 5.914 True
1_3920338 43.54 39.0625 13.4336 7.0597 20.4933 5002.022 16.424 0.22031 6.3838 7.9445 1.0 1.0 10.09 0.0188 3.003 64.59 1.428 0.6606 5.416 5.812 True
2_31720 41.1836 39.8682 7.3973 6.0613 13.4586 1370.558 231.47 0.99116 58.0691 53.696 0.998 0.8941 31.18 -11.05 -1.415 25.81 14.03 -1.574 5.643 5.798 True
2_288361 35.4856 35.1012 4.7404 4.3035 9.0439 2150.8328 18.386 0.82227 88.2251 84.8628 0.9987 0.9997 83.82 -12.45 12.96 72.16 26.83 1.277 6.281 6.341 True
2_1168258 63.254 28.0713 24.6945 13.162 37.856500000000004 1804.9692 6793.9 0.99958 0.0 38.2773 1.0 -0.5521 0.2662 0.01043 0.0 10.56 10.49 -0.1734 4.483 7.243 False
2_1202690 41.7218 22.7922 15.0364 10.4547 25.491100000000003 639.2688 53160.0 0.99999 0.0 47.124 1.0 0.7567 0.223 0.01455 0.0 18.06 12.64 0.1268 5.559 8.648 False
2_1367362 39.2432 21.6934 10.9056 5.1218 16.0274 13839.041 335.13 0.98542 9.9229 118.0704 0.9983 0.5575 3.36 1.131 -0.5249 43.19 -24.07 3.538 5.792 9.463 True
2_1618423 33.7495 30.7526 14.7083 13.4958 28.204099999999997 1138.3142 5804.0 0.9997 6.3689 26.4902 0.9667 0.5525 2.353 0.7013 1.135 13.01 6.269 0.1475 6.469 6.953 False
2_1757767 60.1051 28.7159 13.3717 3.4985 16.8702 614.5358 1549.4 0.99943 4.7203 78.3553 0.9986 -0.4298 0.9377 -0.03889 -1.449 20.87 11.89 0.3333 4.615 7.411 True
2_1988548 125.4236 30.1747 24.3389 5.6023 29.9412 12108.9443 1318.3 0.99566 0.0 47.3958 1.0 0.9146 0.4519 0.0 -0.0 13.95 -0.6159 0.2328 3.698 7.079 True
2_2222029 54.1878 44.3437 7.8395 7.168 15.0075 575.5311 7.4342 0.074291 14.7631 11.1722 1.0 1.0 142.8 -4.685 -1.656 65.11 0.4272 2.994 4.84 5.413 True
2_2356683 45.8135 45.0604 9.9702 12.9506 22.9208 493.9143 10.086 0.19472 7.3507 6.9023 1.0 1.0 88.69 8.945 2.266 9.996 -4.957 1.11 5.257 5.73 True
2_2541600 30.3689 30.3583 3.0253 3.0079 6.0332 10802.1631 25.881 0.86746 228.833 136.0244 0.9914 0.998 155.6 -3.855 7.241 188.0 -137.3 16.83 7.12 7.122 True
2_2603316 29.9445 29.3244 12.6962 7.4207 20.1169 1261.7314 1049.5 0.9981 28.4742 49.4651 0.8264 0.6995 7.458 8.987 -2.752 28.49 -3.504 -0.5337 7.125 7.245 True
2_2617873 29.7305 28.5332 12.1912 4.5704 16.7616 956.7595 3218.5 0.99967 39.8599 26.7641 -0.621 -0.5584 11.73 -11.21 0.5694 7.995 -0.326 -0.3633 7.168 7.429 True
2_2785072 28.8578 27.9232 4.7803 3.5288 8.3091 10670.7549 225.99 0.98765 75.9088 66.1959 0.7593 -0.812 33.26 -13.43 15.63 40.26 4.702 1.888 7.356 7.58 True
2_3106285 31.7079 19.3608 7.2147 4.7727 11.987400000000001 22.2571 612.34 0.99959 40.5782 100.7826 0.9665 0.4979 5.78 6.989 2.342 42.09 26.96 -0.6755 6.795 10.92 True
2_3191126 37.5869 19.8555 17.9895 8.6491 26.6386 3924.4988 2620.3 0.99869 0.0 58.42 1.0 0.9306 0.3466 0.003433 0.0 22.44 -12.05 -0.2296 5.975 10.11 False
3_146170 34.6512 20.4822 16.8979 4.4145 21.3124 124.9253 1395.2 0.99952 11.0244 117.5833 0.9884 0.2258 4.36 -1.371 2.935 41.68 -22.27 0.4594 6.34 9.914 True
3_279312 47.687 43.6336 11.4472 11.7868 23.234 123.8834 7.219 0.20835 0.0 6.5948 1.0 1.0 63.65 -11.15 0.0 32.48 6.567 0.3065 5.131 5.618 True
3_496077 25.3215 22.6371 9.7257 3.8022 13.527899999999999 4268.2715 484.42 0.99466 61.6779 73.508 -0.9995 0.7799 22.78 3.003 0.2447 47.15 -3.676 -0.6948 8.298 9.264 True
3_532495 37.2101 32.157 3.4745 3.4158 6.8903 5477.771 7.8693 0.28803 87.068 57.4261 1.0 0.9936 261.5 -21.71 -1.438 88.77 47.68 22.16 6.065 6.792 True
3_566162 44.4521 42.0983 9.2074 11.168 20.3754 263.8043 7.6423 0.058496 9.2446 15.9207 1.0 1.0 86.14 -4.351 0.7794 29.12 7.159 3.379 5.343 5.839 True
3_1803303 28.9112 28.5337 11.8309 11.6243 23.455199999999998 681.2194 4004.5 0.99968 27.5894 28.8271 -0.9979 0.4728 10.53 5.636 -0.1604 12.86 10.31 0.2081 7.343 7.428 False
3_2171088 45.6133 42.2372 10.0597 10.8865 20.946199999999997 195.3868 7.3644 0.14858 3.939 11.7421 1.0 1.0 100.0 -1.344 0.64 43.57 0.3388 3.604 5.261 5.761 True
3_2729205 45.1511 43.4252 9.2795 12.2471 21.526600000000002 140.5882 7.5915 0.35339 14.8675 7.7835 1.0 1.0 144.5 31.19 -2.169 19.35 -9.045 2.487 5.293 5.774 True
3_2764388 46.998 29.1515 8.5044 7.2132 15.717600000000001 383.0589 631.3 0.99823 31.8525 60.5969 0.9952 -0.3425 1.281 5.369 2.143 32.34 -8.982 0.9551 5.231 7.28 True
3_2884322 119.0014 28.7973 22.4651 3.0028 25.4679 2261.0703 765.47 0.9965 0.0 73.7877 1.0 -0.5511 0.8083 0.0 0.0 16.8 3.527 0.3748 3.735 7.408 True
3_3044508 38.4308 18.5194 8.7025 4.7032 13.4057 4085.0698 177.45 0.98202 24.2393 101.2762 0.9852 -0.1708 4.189 -4.128 1.903 51.33 -1.712 -3.957 5.883 10.16 True
3_3430396 137.2537 31.1504 25.8055 6.6613 32.4668 6576.4985 1776.4 0.99726 0.0 57.3955 1.0 0.9834 0.4208 0.0 0.0 14.16 -6.52 0.1059 3.64 6.894 True
3_3447307 36.4053 19.4392 16.9316 10.5949 27.5265 706.2064 1265.8 0.99845 0.0 52.7817 1.0 -0.8243 0.408 -0.02622 -0.0 26.84 1.028 0.3915 6.112 10.4 False
3_3521717 47.4522 42.6278 11.5207 11.1684 22.6891 133.1811 7.1886 0.19438 0.0 14.361 1.0 0.9998 91.63 -31.38 0.0 23.15 -1.125 -6.112 5.147 5.642 True
3_3760266 41.1677 24.3955 16.0975 13.4891 29.5866 760.963 1620.1 0.99869 0.0 43.1783 1.0 0.9221 0.435 -0.01967 0.0 22.5 1.294 0.2671 5.609 8.321 False
3_3767339 28.2472 22.7086 11.901 5.7813 17.682299999999998 3247.644 1235.0 0.99793 26.0537 96.7325 0.905 0.5884 8.035 1.335 7.342 45.81 -19.59 1.055 7.495 9.514 True
4_317996 28.2409 14.1262 3.6222 3.0671 6.689299999999999 3503.8025 27.035 0.90588 106.3385 157.1502 -0.9114 0.9894 17.41 1.926 -2.049 117.4 0.8021 -3.209 7.512 12.7 True
4_622861 29.5904 25.7027 12.2974 11.098 23.395400000000002 10.0366 6602.0 0.99997 16.5494 49.7907 0.9662 -0.9844 1.906 -3.292 3.744 21.82 16.22 0.01709 7.197 8.086 False
4_657896 30.3753 30.2296 3.2243 3.041 6.2653 4141.562 10.254 0.65291 74.2117 145.313 0.9978 0.9918 204.2 6.827 16.78 196.0 -11.03 -34.79 7.107 7.141 True
4_675678 39.9944 14.5609 8.6463 3.9277 12.574 2662.7764 27.978 0.85552 27.0688 183.7407 0.9642 0.9302 7.057 -4.109 2.406 101.7 -13.22 9.579 5.732 10.92 True
4_861973 45.3315 40.8553 10.4129 10.2833 20.6962 108.158 6.5834 0.27481 6.2443 15.9299 1.0 1.0 113.5 34.31 -1.632 55.49 14.81 3.929 5.283 5.792 True
4_1445918 38.2336 22.6578 17.0109 10.5189 27.5298 2549.1521 3929.8 0.99928 0.0 57.133 1.0 -0.9862 0.3235 -0.03269 0.0 21.54 -14.42 -0.09001 5.903 8.788 False
4_1853667 29.8371 25.4302 13.1368 6.5044 19.641199999999998 1751.7843 580.95 0.99566 33.4378 60.1268 0.7809 0.9991 10.3 4.645 6.619 26.92 -3.445 -0.05425 7.146 8.136 True
4_1922571 28.7527 24.791 12.8175 6.2563 19.073800000000002 9.6471 1088.8 0.99983 21.1407 86.3054 0.9949 0.0883 8.838 -5.224 1.373 28.71 -19.03 -0.3464 7.379 8.447 True
4_1958662 26.4225 25.5673 5.3069 3.5989 8.9058 945.0458 332.76 0.99668 53.4252 91.1183 0.9218 0.3233 10.73 11.02 16.36 40.21 36.71 1.124 7.978 8.211 True
4_2060092 53.9781 36.8035 10.6956 4.738 15.433600000000002 63.5522 2617.3 0.99986 13.4244 152.5224 0.9987 -0.01 0.2419 0.5863 1.178 45.29 -35.91 1.123 4.857 6.127 True
4_2430759 32.7845 13.1778 3.9644 3.8868 7.8512 7175.4629 89.561 0.96848 35.2893 100.1322 0.9931 0.9935 6.455 3.373 1.101 71.07 -3.575 -0.9235 6.669 11.74 True
4_3107264 31.3562 10.6063 3.5116 3.0695 6.5811 2681.8518 57.172 0.96689 42.9457 120.7639 0.9793 0.9981 7.436 1.794 -2.495 86.37 -8.24 -0.558 6.917 12.73 True
4_3317295 48.9573 19.71 10.8926 5.9585 16.8511 7756.0107 294.07 0.98501 15.8187 113.3569 1.0 0.8854 3.234 3.433 -0.1564 44.2 -24.97 -2.181 5.085 9.136 True
4_3480917 34.5546 16.8936 6.3492 4.2247 10.5739 1695.1692 145.96 0.98644 45.1103 111.1319 0.8869 -0.4299 6.414 5.541 3.725 61.34 -11.33 -3.707 6.362 10.89 True
4_3523173 69.2348 68.4813 15.7625 15.2704 31.032899999999998 5835.8062 22.87 0.010585 0.0 0.0 1.0 1.0 4.137 -0.0 0.0 4.111 0.04072 -0.0 4.347 4.367 True
4_3750707 47.0333 44.4414 10.9537 12.589 23.5427 90.3961 6.6481 0.18776 0.0 8.7944 1.0 1.0 82.34 31.33 0.0 19.16 0.6284 2.014 5.168 5.645 True
4_3871979 37.2974 15.8432 15.1261 4.7117 19.8378 3941.0093 1047.4 0.99718 0.0 84.5491 1.0 0.5692 0.3611 -0.02123 -0.0 34.43 -16.29 -0.7221 6.007 11.84 True
